# 找出多个数组中的最大数

右边大数组中包含了4个小数组，分别找到每个小数组中的最大值，然后把它们串联起来，形成一个新数组。

提示：你可以用for循环来迭代数组，并通过`arr[i]`的方式来访问数组的每个元素。

预期结果

```javascript
largestOfFour([[4, 5, 1, 3], [13, 27, 18, 26], [32, 35, 37, 39], [1000, 1001, 857, 1]]) 应该返回一个数组
largestOfFour([[13, 27, 18, 26], [4, 5, 1, 3], [32, 35, 37, 39], [1000, 1001, 857, 1]]) 应该返回 [27,5,39,1001].
largestOfFour([[4, 9, 1, 3], [13, 35, 18, 26], [32, 35, 97, 39], [1000000, 1001, 857, 1]]) 应该返回 [9, 35, 97, 1000000].
```

代码实现

```javascript
function largestOfFour(arr) {
  var array = [];
  for(var i = 0;i<arr.length;i++){
    array[i] = arr[i][0];
    for(var j = 0;j<arr[i].length;j++){
      if(array[i] < arr[i][j]){
         array[i] = arr[i][j];
      }
    }
  }
  arr = array;
  return arr;
}
largestOfFour([[4, 5, 1, 3], [13, 27, 18, 26], [32, 35, 37, 39], [1000, 1001, 857, 1]]);
```

